1 2001 DATA_2001
1 2002 DATA_2002
1 2003 DATA_2003
1 2005 DATA_2005
1 2006 DATA_2006
1 2007 DATA_2007
3 2001
3 2002
5 2003 1 UPDATED_DATA_2003
1 2008 DATA_2008
1 2009 DATA_2009
1 2000 DATA_2000
2 2001
1 2001 NEW_DATA_2001
1 2002 NEW_DATA_2002
1 2003 NOT_INSERT_DATA_2003
4 2003 2
5 2003 2 NOT_UPDATE_DATA_2003
4 2003 1
1 2003 NEW_DATA_2003_INSERTED
2 2003
3 2000
3 2001
3 2002
3 2003
3 2004
3 2005
3 2006
3 2007
3 2008
3 2009
2 2000
2 2001
2 2002
2 2003
2 2004
2 2005
2 2006
2 2007
2 2008
2 2009
1 2000 DATA_2000
1 2001 DATA_2001
1 2001 NEW_DATA_2001
1 2002 DATA_2002
1 2003 DATA_2003
1 2004 DATA_2004
1 2005 DATA_2005
1 2006 DATA_2006
1 2007 DATA_2007
1 2008 DATA_2008
1 2009 DATA_2009
2 2000
2 2001
2 2002
2 2003
2 2004
2 2005
2 2006
2 2007
2 2008
2 2009
5 2000 1 UPDATE_DATA_2000
5 2001 1 UPDATE_DATA_2001
5 2002 1 UPDATE_DATA_2002
5 2003 1 UPDATE_DATA_2003
5 2004 1 UPDATE_DATA_2004
5 2005 1 UPDATE_DATA_2005
5 2006 1 UPDATE_DATA_2006
5 2007 1 UPDATE_DATA_2007
5 2008 1 UPDATE_DATA_2008
5 2009 1 UPDATE_DATA_2009
4 2000 2
4 2001 2
4 2002 2
4 2003 2
4 2004 2
4 2005 2
4 2006 2
4 2007 2
4 2008 2
4 2009 2
5 2000 2 NOT_UPDATE_DATA_2000
5 2001 2 NOT_UPDATE_DATA_2001
5 2002 2 NOT_UPDATE_DATA_2002
5 2003 2 NOT_UPDATE_DATA_2003
5 2004 2 NOT_UPDATE_DATA_2004
5 2005 2 NOT_UPDATE_DATA_2005
5 2006 2 NOT_UPDATE_DATA_2006
5 2007 2 NOT_UPDATE_DATA_2007
5 2008 2 NOT_UPDATE_DATA_2008
5 2009 2 NOT_UPDATE_DATA_2009
2 2000
2 2001
2 2002
2 2003
2 2004
2 2005
2 2006
2 2007
2 2008
2 2009