1 1000 FUSCA
1 1001 PALIO
1 1002 LARMBORGIN
1 1003 FERRARI
1 1004 TOYOTA
1 1005 RENAULT
1 1006 KWID
1 1007 FOCUS
1 1008 SAVEIRO
1 1009 CELTA
1 1010 AUDI
1 1011 CORSA
1 1012 KA
1 1013 TORO
1 1014 LIMOUSINE
1 1015 LANDHOVER
1 1016 F200
1 1017 VELOSTER
1 1018 UNO
1 1019 FIORINO
2 1000
2 1001
2 1002
2 1003
2 4004
2 10005
2 1006
2 1007
2 5008
2 1009
2 1010
2 7011
2 1012
2 1013
2 9014
2 1015
2 1016
2 1017
2 1018
2 1019
3 1200
3 3001
3 1002
3 1003
3 5004
3 1005
3 1006
3 1007
3 6008
3 1009
3 1010
3 9011
3 1012
3 1013
3 1014
3 2015
3 1016
3 0017
3 2018
3 1019
4 1000 100
4 1001 3
4 1002 1
4 1003 2
4 1004 2
4 5005 10
4 1006 1
4 2007 5
4 1008 1
4 23009 62
4 1010 1
4 2011 43
4 1012 1
4 1013 8
4 5014 14
4 1015 1
4 1016 12
4 3017 1
4 1018 14
4 2019 2
5 1000 1 F200  
5 1001 0 VELOSTE
5 1002 1 UNO
5 1003 1 FIORINO
5 1004 2 TOYOTA
5 1005 1 RENAULT
5 1006 1 KWID
5 1007 5 FOCUS
5 1008 1 FUSCA
5 5009 6 PALIO
5 1010 1 LARMBORGIN
5 1011 4 FERRARI
5 2012 1 TOYOTA
5 1013 8 RENAULT
5 1014 1 KWID
5 623015 1 FOCUS1
5 1016 1 SAVEIRO
5 12017 1 NULL
5 1018 1 INVALID
5 12019 2 ERROR