1 10000 AZUL
1 10001 AMARELO
1 10002 ROSA
1 10003 VERMELHO
1 10004 AZUL
1 10005 AMARELO
1 10006 CINZA
1 10007 PRETO
1 10008 BRANCO
1 10009 ROXO
1 10010 AZUL_PISCINA
1 10011 MAGENTA
1 10012 CIANO
1 10013 LARANJA
1 10014 CASTABHI
1 10015 VIOLETA
1 10016 BEGE
1 10017 BRONZE
1 10018 PRATA
1 10019 DOURADO
2 10000
2 10001
2 100023
2 50003
2 10004
2 60005
2 10006
2 70007
2 10008
2 10009
2 20010
2 10011
2 40012
2 1230013
2 10014
2 120015
2 10016
2 10017
2 10018
2 10019
3 1200
3 1001
3 523002
3 5003
3 5004
3 2005
3 1006
3 5007
3 87008
3 1009
3 12010
3 9011
3 2012
3 1013
3 1014
3 2015
3 1016
3 0017
3 23018
3 1019
4 20000 100
4 50001 3
4 20002 1
4 10003 2
4 10004 2
4 10005 10
4 230006 1
4 10007 5
4 10008 1
4 100099 62
4 10010 1
4 10011 43
4 10012 1
4 50013 8
4 10014 14
4 10015 1
4 10016 12
4 50017 1
4 10018 14
4 20019 2
5 100001 2 BEGE
5 100010 3 BRONZE
5 100021 4 PRATA
5 100031 25 DOURADO
5 100042 23 AZUL_PISCINA
5 100051 312 MAGENTA
5 100061 32 CIANO
5 100075 53 LARANJA
5 100081 521 CASTANHO
5 100096 1 NULL
5 100101 2 LOIRO
5 100114 5 LARANJA
5 100121 63 MAGENTA
5 100138 562 CORAL
5 100141 51 ROSA
5 100155 12 RUBRO
5 100161 32 PRETO
5 10017 1 PRATA
5 100181 2 VIOLETA
5 10019 2 VINHO